          35
    0    0    0    0      0.000000000030
    1    0    0    0      0.000123146998
    2    0    0    0      0.000208585376
    3    0    0    0      0.000080132307
    1    1    0    0      4.298539466947
    2    1    0    0      0.336271240935
    2    2    0    0      6.753941954871
    3    1    0    0      0.084291485656
    3    2    0    0      0.664918603623
    3    3    0    0      1.329478383980
    1    1    1    0    -26.348102197530
    2    1    1    0      0.601060955664
    2    2    1    0     -2.333465545232
    2    2    2    0    -44.618079543329
    3    1    1    0     -0.035482947728
    3    2    1    0     -0.767650499879
    3    2    2    0     -1.572549301892
    3    3    1    0     -0.332343246249
    3    3    2    0     -1.966064821270
    3    3    3    0     -1.578375026920
    1    1    1    1    136.540363118774
    2    1    1    1     -2.433141003205
    2    2    1    1     -0.817491335120
    2    2    2    1     10.383334353313
    2    2    2    2    264.723880500381
    3    1    1    1     -1.037693741202
    3    2    1    1     -0.428303558217
    3    2    2    1      2.480951359637
    3    2    2    2      0.189010295428
    3    3    1    1     -1.463074269656
    3    3    2    1      1.389379614837
    3    3    2    2      3.049997436883
    3    3    3    1      0.652445387325
    3    3    3    2      3.872180869534
    3    3    3    3      2.442636135673
